   (1,1)       -4.457951382086952e+10
   (2,1)       -4.431007277229444e+10
   (3,1)        8.951529852988779e+10
   (4,1)       -2.228975691043476e+10
   (1,2)       -4.431007277229444e+10
   (2,2)       -1.567466980095281e+11
   (3,2)        2.173314743552106e+11
   (4,2)       -3.774631030211039e+08
   (5,2)        7.788150647009808e+10
   (6,2)       -1.086695015929140e+11
   (7,2)        4.393260966927334e+10
   (1,3)        8.951529852988779e+10
   (2,3)        2.173314743552106e+11
   (3,3)       -4.938342781397830e+11
   (4,3)       -1.067401819129253e+09
   (5,3)       -1.086695015929140e+11
   (6,3)        2.492376262241612e+11
   (7,3)       -9.058270034901704e+10
   (1,4)       -2.228975691043476e+10
   (2,4)       -3.774631030211039e+08
   (3,4)       -1.067401819129253e+09
   (4,4)       -8.933552023631522e+10
   (5,4)       -4.393260966927334e+10
   (6,4)        9.058270034901704e+10
   (7,4)       -2.237800320772284e+10
   (2,5)        7.788150647009808e+10
   (3,5)       -1.086695015929140e+11
   (4,5)       -4.393260966927334e+10
   (5,5)       -1.547426415573814e+11
   (6,5)        2.172714543938913e+11
   (7,5)       -3.993120790422302e+08
   (8,5)        7.686113508728331e+10
   (9,5)       -1.086019528009772e+11
  (10,5)        4.353329759023111e+10
   (2,6)       -1.086695015929140e+11
   (3,6)        2.492376262241612e+11
   (4,6)        9.058270034901704e+10
   (5,6)        2.172714543938913e+11
   (6,6)       -5.031485238383013e+11
   (7,6)       -1.066347209364414e+09
   (8,6)       -1.086019528009772e+11
   (9,6)        2.539108976141401e+11
  (10,6)       -9.164904755838145e+10
   (2,7)        4.393260966927334e+10
   (3,7)       -9.058270034901704e+10
   (4,7)       -2.237800320772284e+10
   (5,7)       -3.993120790422302e+08
   (6,7)       -1.066347209364414e+09
   (7,7)       -8.968695198094226e+10
   (8,7)       -4.353329759023111e+10
   (9,7)        9.164904755838145e+10
  (10,7)       -2.246547278274828e+10
   (5,8)        7.686113508728331e+10
   (6,8)       -1.086019528009772e+11
   (7,8)       -4.353329759023111e+10
   (8,8)       -1.526662094312891e+11
   (9,8)        2.170586859363294e+11
  (10,8)       -4.214697786368009e+08
  (11,8)        7.580507434400580e+10
  (12,8)       -1.084567331353522e+11
  (13,8)        4.311182781159431e+10
   (5,9)       -1.086019528009772e+11
   (6,9)        2.539108976141401e+11
   (7,9)        9.164904755838145e+10
   (8,9)        2.170586859363294e+11
   (9,9)       -5.125238773627924e+11
  (10,9)       -1.064560638595546e+09
  (11,9)       -1.084567331353522e+11
  (12,9)        2.586129797486523e+11
  (13,9)       -9.271360819697701e+10
   (5,10)       4.353329759023111e+10
   (6,10)      -9.164904755838145e+10
   (7,10)      -2.246547278274828e+10
   (8,10)      -4.214697786368009e+08
   (9,10)      -1.064560638595546e+09
  (10,10)      -9.003518881724376e+10
  (11,10)      -4.311182781159431e+10
  (12,10)       9.271360819697701e+10
  (13,10)      -2.255212162587359e+10
   (8,11)       7.580507434400580e+10
   (9,11)      -1.084567331353522e+11
  (10,11)      -4.311182781159431e+10
  (11,11)      -1.505195191608132e+11
  (12,11)       2.166880276838368e+11
  (13,11)      -4.439177295546185e+08
  (14,11)       7.471444481680739e+10
  (15,11)      -1.082312945484846e+11
  (16,11)       4.266791008203969e+10
   (8,12)      -1.084567331353522e+11
   (9,12)       2.586129797486523e+11
  (10,12)       9.271360819697701e+10
  (11,12)       2.166880276838368e+11
  (12,12)      -5.219531625755358e+11
  (13,12)      -1.062018356956403e+09
  (14,12)      -1.082312945484846e+11
  (15,12)       2.633401828268835e+11
  (16,12)      -9.377562655393340e+10
   (8,13)       4.311182781159431e+10
   (9,13)      -9.271360819697701e+10
  (10,13)      -2.255212162587359e+10
  (11,13)      -4.439177295546185e+08
  (12,13)      -1.062018356956403e+09
  (13,13)      -9.038005350825186e+10
  (14,13)      -4.266791008203969e+10
  (15,13)       9.377562655393340e+10
  (16,13)      -2.263790512825234e+10
  (11,14)       7.471444481680739e+10
  (12,14)      -1.082312945484846e+11
  (13,14)      -4.266791008203969e+10
  (14,14)      -1.483049377081848e+11
  (15,14)       2.161544386384963e+11
  (16,14)      -4.666360540371804e+08
  (17,14)       7.359049289137738e+10
  (18,14)      -1.079231440900117e+11
  (19,14)       4.220127402800251e+10
  (11,15)      -1.082312945484846e+11
  (12,15)       2.633401828268835e+11
  (13,15)       9.377562655393340e+10
  (14,15)       2.161544386384963e+11
  (15,15)      -5.314287959016021e+11
  (16,15)      -1.058697104498992e+09
  (17,15)      -1.079231440900117e+11
  (18,15)       2.680886130747186e+11
  (19,15)      -9.483432365843239e+10
  (11,16)       4.266791008203969e+10
  (12,16)      -9.377562655393340e+10
  (13,16)      -2.263790512825234e+10
  (14,16)      -4.666360540371804e+08
  (15,16)      -1.058697104498992e+09
  (16,16)      -9.072136649686220e+10
  (17,16)      -4.220127402800251e+10
  (18,16)       9.483432365843239e+10
  (19,16)      -2.272277812017876e+10
  (14,17)       7.359049289137738e+10
  (15,17)      -1.079231440900117e+11
  (16,17)      -4.220127402800251e+10
  (17,17)      -1.460250854047720e+11
  (18,17)       2.154529982482317e+11
  (19,17)      -4.896034575386652e+08
  (20,17)       7.243459251339462e+10
  (21,17)      -1.075298541582200e+11
  (22,17)       4.171167057046384e+10
  (14,18)      -1.079231440900117e+11
  (15,18)       2.680886130747186e+11
  (16,18)       9.483432365843239e+10
  (17,18)       2.154529982482317e+11
  (18,18)      -5.409427860596782e+11
  (19,18)      -1.054574204702832e+09
  (20,18)      -1.075298541582200e+11
  (21,18)       2.728541729849596e+11
  (22,18)      -9.588889786313522e+10
  (14,19)       4.220127402800251e+10
  (15,19)      -9.483432365843239e+10
  (16,19)      -2.272277812017876e+10
  (17,19)      -4.896034575386652e+08
  (18,19)      -1.054574204702832e+09
  (19,19)      -9.105894606487215e+10
  (20,19)      -4.171167057046384e+10
  (21,19)       9.588889786313522e+10
  (22,19)      -2.280669491225732e+10
  (17,20)       7.243459251339462e+10
  (18,20)      -1.075298541582200e+11
  (19,20)      -4.171167057046384e+10
  (20,20)      -1.436828389795906e+11
  (21,20)       2.145789272361100e+11
  (22,20)      -5.127972226567808e+08
  (23,20)       7.124824646619600e+10
  (24,20)      -1.070490730778900e+11
  (25,20)       4.119887334780706e+10
  (17,21)      -1.075298541582200e+11
  (18,21)       2.728541729849596e+11
  (19,21)       9.588889786313522e+10
  (20,21)       2.145789272361100e+11
  (21,21)      -5.504867353410297e+11
  (22,21)      -1.049627661116966e+09
  (23,21)      -1.070490730778900e+11
  (24,21)       2.776325623560701e+11
  (25,21)      -9.693852552425220e+10
  (17,22)       4.171167057046384e+10
  (18,22)      -9.588889786313522e+10
  (19,22)      -2.280669491225732e+10
  (20,22)      -5.127972226567808e+08
  (21,22)      -1.049627661116966e+09
  (22,22)      -9.139260850334279e+10
  (23,22)      -4.119887334780706e+10
  (24,22)       9.693852552425220e+10
  (25,22)      -2.288960933941408e+10
  (20,23)       7.124824646619600e+10
  (21,23)      -1.070490730778900e+11
  (22,23)      -4.119887334780706e+10
  (23,23)      -1.412813336036335e+11
  (24,23)       2.135276090462966e+11
  (25,23)      -5.361932086742605e+08
  (26,23)       7.003308713743752e+10
  (27,23)      -1.064785359684066e+11
  (28,23)       4.066268013913280e+10
  (20,24)      -1.070490730778900e+11
  (21,24)       2.776325623560701e+11
  (22,24)       9.693852552425220e+10
  (23,24)       2.135276090462966e+11
  (24,24)      -5.600518425326593e+11
  (25,24)      -1.043836256790833e+09
  (26,24)      -1.064785359684066e+11
  (27,24)       2.824192801765892e+11
  (28,24)      -9.798236178104303e+10
  (20,25)       4.119887334780706e+10
  (21,25)      -9.693852552425220e+10
  (22,25)      -2.288960933941408e+10
  (23,25)      -5.361932086742605e+08
  (24,25)      -1.043836256790833e+09
  (25,25)      -9.172216829434125e+10
  (26,25)      -4.066268013913280e+10
  (27,25)       9.798236178104303e+10
  (28,25)      -2.297147480775655e+10
  (23,26)       7.003308713743752e+10
  (24,26)      -1.064785359684066e+11
  (25,26)      -4.066268013913280e+10
  (26,26)      -1.388239638753166e+11
  (27,26)       2.122946118296984e+11
  (28,26)      -5.597658570928438e+08
  (29,26)       6.879087673787904e+10
  (30,26)      -1.058160758612918e+11
  (31,26)       4.010291428203996e+10
  (23,27)      -1.064785359684066e+11
  (24,27)       2.824192801765892e+11
  (25,27)       9.798236178104303e+10
  (26,27)       2.122946118296984e+11
  (27,27)      -5.696289075765498e+11
  (28,27)      -1.037179656092418e+09
  (29,27)      -1.058160758612918e+11
  (30,27)       2.872096273999606e+11
  (31,27)      -9.901954143713544e+10
  (23,28)       4.066268013913280e+10
  (24,28)      -9.798236178104303e+10
  (25,28)      -2.297147480775655e+10
  (26,28)      -5.597658570928438e+08
  (27,28)      -1.037179656092418e+09
  (28,28)      -9.204743830405786e+10
  (29,28)      -4.010291428203996e+10
  (30,28)       9.901954143713544e+10
  (31,28)      -2.305224434427238e+10
  (26,29)       6.879087673787904e+10
  (27,29)      -1.058160758612918e+11
  (28,29)      -4.010291428203996e+10
  (29,29)      -1.363143836747920e+11
  (30,29)       2.108757108831131e+11
  (31,29)      -5.834882034692891e+08
  (32,29)       6.752350693691291e+10
  (33,29)      -1.050596350218214e+11
  (34,29)       3.951942607857067e+10
  (26,30)      -1.058160758612918e+11
  (27,30)       2.872096273999606e+11
  (28,30)       9.901954143713544e+10
  (29,30)       2.108757108831131e+11
  (30,30)      -5.792083380521696e+11
  (31,30)      -1.029638508613287e+09
  (32,30)      -1.050596350218214e+11
  (33,30)       2.919987106522089e+11
  (34,30)      -1.000491799457487e+11
  (26,31)       4.010291428203996e+10
  (27,31)      -9.901954143713544e+10
  (28,31)      -2.305224434427238e+10
  (29,31)      -5.834882034692891e+08
  (30,31)      -1.029638508613287e+09
  (31,31)      -9.236822998725853e+10
  (32,31)      -3.951942607857067e+10
  (33,31)       1.000491799457487e+11
  (34,31)      -2.313187064935688e+10
  (29,32)       6.752350693691291e+10
  (30,32)      -1.050596350218214e+11
  (31,32)      -3.951942607857067e+10
  (32,32)      -1.337565048180939e+11
  (33,32)       2.092669114463423e+11
  (34,32)      -6.073318959381071e+08
  (35,32)       6.623299788118103e+10
  (36,32)      -1.042072764245209e+11
  (37,32)       3.891209418263256e+10
  (29,33)      -1.050596350218214e+11
  (30,33)       2.919987106522089e+11
  (31,33)       1.000491799457487e+11
  (32,33)       2.092669114463423e+11
  (33,33)      -5.887801575632495e+11
  (34,33)      -1.021194554595271e+09
  (35,33)      -1.042072764245209e+11
  (36,33)       2.967814469110406e+11
  (37,33)      -1.010703745003440e+11
  (29,34)       3.951942607857067e+10
  (30,34)      -1.000491799457487e+11
  (31,34)      -2.313187064935688e+10
  (32,34)      -6.073318959381071e+08
  (33,34)      -1.021194554595271e+09
  (34,34)      -9.268435360297661e+10
  (35,34)      -3.891209418263256e+10
  (36,34)       1.010703745003440e+11
  (37,34)      -2.321030615213144e+10
  (32,35)       6.623299788118103e+10
  (33,35)      -1.042072764245209e+11
  (34,35)      -3.891209418263256e+10
  (35,35)      -1.311544944461628e+11
  (36,35)       2.074644717524564e+11
  (37,35)      -6.312672206913639e+08
  (38,35)       6.492149656498181e+10
  (39,35)      -1.032571953279355e+11
  (40,35)       3.828082696194120e+10
  (32,36)      -1.042072764245209e+11
  (33,36)       2.967814469110406e+11
  (34,36)       1.010703745003440e+11
  (35,36)       2.074644717524564e+11
  (36,36)      -5.983340161025413e+11
  (37,36)      -1.011830731499183e+09
  (38,36)      -1.032571953279355e+11
  (39,36)       3.015525691915007e+11
  (40,36)      -1.020822052318432e+11
  (32,37)       3.891209418263256e+10
  (33,37)      -1.010703745003440e+11
  (34,37)      -2.321030615213144e+10
  (35,37)      -6.312672206913639e+08
  (36,37)      -1.011830731499183e+09
  (37,37)      -9.299561844129144e+10
  (38,37)      -3.828082696194120e+10
  (39,37)       1.020822052318432e+11
  (40,37)      -2.328750306851429e+10
  (35,38)       6.492149656498181e+10
  (36,38)      -1.032571953279355e+11
  (37,38)      -3.828082696194120e+10
  (38,38)      -1.285127710888722e+11
  (39,38)       2.054649262175099e+11
  (40,38)      -6.552631347030196e+08
  (41,38)       6.359127452389041e+10
  (42,38)      -1.022077308895744e+11
  (43,38)       3.762556382723817e+10
  (35,39)      -1.032571953279355e+11
  (36,39)       3.015525691915007e+11
  (37,39)       1.020822052318432e+11
  (38,39)       2.054649262175099e+11
  (39,39)      -6.078592024600789e+11
  (40,39)      -1.001531281138259e+09
  (41,39)      -1.022077308895744e+11
  (42,39)       3.063066332685781e+11
  (43,39)      -1.030837365129814e+11
  (35,40)       3.828082696194120e+10
  (36,40)      -1.020822052318432e+11
  (37,40)      -2.328750306851429e+10
  (38,40)      -6.552631347030196e+08
  (39,40)      -1.001531281138259e+09
  (40,40)      -9.330183306099774e+10
  (41,40)      -3.762556382723817e+10
  (42,40)       1.030837365129814e+11
  (43,40)      -2.336341346198459e+10
  (38,41)       6.359127452389041e+10
  (39,41)      -1.022077308895744e+11
  (40,41)      -3.762556382723817e+10
  (41,41)      -1.258359993500560e+11
  (42,41)       2.032651086471732e+11
  (43,41)      -6.792873059718287e+08
  (44,41)       6.224472482616556e+10
  (45,41)      -1.010573777575988e+11
  (46,41)       3.694627652126635e+10
  (38,42)      -1.022077308895744e+11
  (39,42)       3.063066332685781e+11
  (40,42)       1.030837365129814e+11
  (41,42)       2.032651086471732e+11
  (42,42)      -6.173446587305109e+11
  (43,42)      -9.902818567829311e+08
  (44,42)      -1.010573777575988e+11
  (45,42)       3.110380254619328e+11
  (46,42)      -1.040740183697644e+11
  (38,43)       3.762556382723817e+10
  (39,43)      -1.030837365129814e+11
  (40,43)      -2.336341346198459e+10
  (41,43)      -6.792873059718287e+08
  (42,43)      -9.902818567829311e+08
  (43,43)      -9.360280553789485e+10
  (44,43)      -3.694627652126635e+10
  (45,43)       1.040740183697644e+11
  (46,43)      -2.343798930696284e+10
  (41,44)       6.224472482616556e+10
  (42,44)      -1.010573777575988e+11
  (43,44)      -3.694627652126635e+10
  (44,44)      -1.231290831664548e+11
  (45,44)       2.008621753296157e+11
  (46,44)      -7.033061614412427e+08
  (47,44)       6.088435834028921e+10
  (48,44)      -9.980479757201695e+10
  (49,44)       3.624297035982510e+10
  (41,45)      -1.010573777575988e+11
  (42,45)       3.110380254619328e+11
  (43,45)       1.040740183697644e+11
  (44,45)       2.008621753296157e+11
  (45,45)      -6.267789969645632e+11
  (46,45)      -9.780696297287939e+08
  (47,45)      -9.980479757201694e+10
  (48,45)       3.157409715026305e+11
  (49,45)      -1.050520879994932e+11
  (41,46)       3.694627652126635e+10
  (42,46)      -1.040740183697644e+11
  (43,46)      -2.343798930696284e+10
  (44,46)      -7.033061614412427e+08
  (45,46)      -9.780696297287939e+08
  (46,46)      -9.389834372337892e+10
  (47,46)      -3.624297035982510e+10
  (48,46)       1.050520879994932e+11
  (49,46)      -2.351118255472662e+10
  (44,47)       6.088435834028921e+10
  (45,47)      -9.980479757201694e+10
  (46,47)      -3.624297035982510e+10
  (47,47)      -1.203971576013071e+11
  (48,47)       1.982536278762714e+11
  (49,47)      -7.272849428166034e+08
  (50,47)       5.951279926101787e+10
  (51,47)      -9.844883030425443e+10
  (52,47)       3.551568541700851e+10
  (44,48)      -9.980479757201695e+10
  (45,48)       3.157409715026305e+11
  (46,48)       1.050520879994932e+11
  (47,48)       1.982536278762714e+11
  (48,48)      -6.361505179975568e+11
  (49,48)      -9.648833945618981e+08
  (50,48)      -9.844883030425443e+10
  (51,48)       3.204095464949263e+11
  (52,48)      -1.060169713940551e+11
  (44,49)       3.624297035982510e+10
  (45,49)      -1.050520879994932e+11
  (46,49)      -2.351118255472662e+10
  (47,49)      -7.272849428166034e+08
  (48,49)      -9.648833945618981e+08
  (49,49)      -9.418825551295425e+10
  (50,49)      -3.551568541700851e+10
  (51,49)       1.060169713940551e+11
  (52,49)      -2.358294520175050e+10
  (47,50)       5.951279926101787e+10
  (48,50)      -9.844883030425443e+10
  (49,50)      -3.551568541700851e+10
  (50,50)      -1.176455791420138e+11
  (51,50)       1.954373356650993e+11
  (52,50)      -7.511877703580679e+08
  (53,50)       5.813277988099595e+10
  (54,50)      -9.698850536084489e+10
  (55,50)       3.476449764665044e+10
  (47,51)      -9.844883030425443e+10
  (48,51)       3.204095464949263e+11
  (49,51)       1.060169713940551e+11
  (50,51)       1.954373356650993e+11
  (51,51)      -6.454472324747094e+11
  (52,51)      -9.507136725618477e+08
  (53,51)      -9.698850536084489e+10
  (54,51)       3.250376859797831e+11
  (55,51)      -1.069676850666169e+11
  (47,52)       3.551568541700851e+10
  (48,52)      -1.060169713940551e+11
  (49,52)      -2.358294520175050e+10
  (50,52)      -7.511877703580679e+08
  (51,52)      -9.507136725618477e+08
  (52,52)      -9.447234912421217e+10
  (53,52)      -3.476449764665044e+10
  (54,52)       1.069676850666169e+11
  (55,52)      -2.365322936035558e+10
  (50,53)       5.813277988099595e+10
  (51,53)      -9.698850536084489e+10
  (52,53)      -3.476449764665044e+10
  (53,53)      -1.148799144809774e+11
  (54,53)       1.924115577349095e+11
  (55,53)      -7.749777147327315e+08
  (56,53)       5.674713459998148e+10
  (57,53)      -9.542305237406459e+10
  (58,53)       3.398951993191771e+10
  (50,54)      -9.698850536084489e+10
  (51,54)       3.250376859797831e+11
  (52,54)       1.069676850666169e+11
  (53,54)       1.924115577349095e+11
  (54,54)      -6.546568840789647e+11
  (55,54)      -9.355528124868695e+08
  (56,54)      -9.542305237406461e+10
  (57,54)       3.296191980991815e+11
  (58,54)      -1.079032378791038e+11
  (50,55)       3.476449764665044e+10
  (51,55)      -1.069676850666169e+11
  (52,55)      -2.365322936035558e+10
  (53,55)      -7.749777147327315e+08
  (54,55)      -9.355528124868695e+08
  (55,55)      -9.475043338377441e+10
  (56,55)      -3.398951993191771e+10
  (57,55)       1.079032378791038e+11
  (58,55)      -2.372198733153162e+10
  (53,56)       5.674713459998148e+10
  (54,56)      -9.542305237406461e+10
  (55,56)      -3.398951993191771e+10
  (56,56)      -1.121059277691484e+11
  (57,56)       1.891749639740509e+11
  (58,56)      -7.986168769429728e+08
  (59,56)       5.535879316916692e+10
  (60,56)      -9.375191159998628e+10
  (61,56)       3.319090305497473e+10
  (53,57)      -9.542305237406459e+10
  (54,57)       3.296191980991815e+11
  (55,57)       1.079032378791038e+11
  (56,57)       1.891749639740509e+11
  (57,57)      -6.637669749516194e+11
  (58,57)      -9.193950880265617e+08
  (59,57)      -9.375191159998627e+10
  (60,57)       3.341477768524378e+11
  (61,57)      -1.088226329671303e+11
  (53,58)       3.398951993191771e+10
  (54,58)      -1.079032378791038e+11
  (55,58)      -2.372198733153162e+10
  (56,58)      -7.986168769429728e+08
  (57,58)      -9.193950880265617e+08
  (58,58)      -9.502231802262241e+10
  (59,58)      -3.319090305497473e+10
  (60,58)       1.088226329671303e+11
  (61,58)      -2.378917167977959e+10
  (56,59)       5.535879316916692e+10
  (57,59)      -9.375191159998627e+10
  (58,59)      -3.319090305497473e+10
  (59,59)      -1.093295663430887e+11
  (60,59)       1.857266554426856e+11
  (61,59)      -8.220664762727677e+08
  (62,59)       5.397077317392175e+10
  (63,59)      -9.197474384269931e+10
  (64,59)       3.236883657870197e+10
  (56,60)      -9.375191159998628e+10
  (57,60)       3.341477768524378e+11
  (58,60)       1.088226329671303e+11
  (59,60)       1.857266554426856e+11
  (60,60)      -6.727647932798787e+11
  (61,60)      -9.022367911810818e+08
  (62,60)      -9.197474384269931e+10
  (63,60)       3.386170164274409e+11
  (64,60)      -1.097248697583114e+11
  (56,61)       3.319090305497473e+10
  (57,61)      -1.088226329671303e+11
  (58,61)      -2.378917167977959e+10
  (59,61)      -8.220664762727677e+08
  (60,61)      -9.022367911810818e+08
  (61,61)      -9.528781397917070e+10
  (62,61)      -3.236883657870197e+10
  (63,61)       1.097248697583114e+11
  (64,61)      -2.385473530980576e+10
  (59,62)       5.397077317392175e+10
  (60,62)      -9.197474384269931e+10
  (61,62)      -3.236883657870197e+10
  (62,62)      -1.065569449383640e+11
  (63,62)       1.820661836650299e+11
  (64,62)      -8.452869461430842e+08
  (65,62)       5.258617176444228e+10
  (66,62)      -9.009143982233057e+10
  (67,62)       3.152354963255888e+10
  (59,63)      -9.197474384269931e+10
  (60,63)       3.386170164274409e+11
  (61,63)       1.097248697583114e+11
  (62,63)       1.820661836650299e+11
  (63,63)      -6.816374430085912e+11
  (64,63)      -8.840763208425422e+08
  (65,63)      -9.009143982233058e+10
  (66,63)       3.430204265811503e+11
  (67,63)      -1.106089460791540e+11
  (59,64)       3.236883657870197e+10
  (60,64)      -1.097248697583114e+11
  (61,64)      -2.385473530980576e+10
  (62,64)      -8.452869461430842e+08
  (63,64)      -8.840763208425422e+08
  (64,64)      -9.554673370938466e+10
  (65,64)      -3.152354963255888e+10
  (66,64)       1.106089460791540e+11
  (67,64)      -2.391863154488657e+10
  (62,65)       5.258617176444228e+10
  (63,65)      -9.009143982233058e+10
  (64,65)      -3.152354963255888e+10
  (65,65)      -1.037943284146809e+11
  (66,65)       1.781935687263594e+11
  (67,65)      -8.682380377056713e+08
  (68,65)       5.120815665023866e+10
  (69,65)      -8.810212890402881e+10
  (70,65)       3.065531159485321e+10
  (62,66)      -9.009143982233057e+10
  (63,66)       3.430204265811503e+11
  (64,66)       1.106089460791540e+11
  (65,66)       1.781935687263594e+11
  (66,66)      -6.903718756156136e+11
  (67,66)      -8.649142657669572e+08
  (68,66)      -8.810212890402881e+10
  (69,66)       3.473514490344633e+11
  (70,66)      -1.114738603449209e+11
  (62,67)       3.152354963255888e+10
  (63,67)      -1.106089460791540e+11
  (64,67)      -2.391863154488657e+10
  (65,67)      -8.682380377056713e+08
  (66,67)      -8.649142657669572e+08
  (67,67)      -9.579889150317517e+10
  (68,67)      -3.065531159485321e+10
  (69,67)       1.114738603449209e+11
  (70,67)      -2.398081420670102e+10
  (65,68)       5.120815665023866e+10
  (66,68)      -8.810212890402881e+10
  (67,68)      -3.065531159485321e+10
  (68,68)      -1.010481130313348e+11
  (69,68)       1.741093160094755e+11
  (70,68)      -8.908789309220010e+08
  (71,68)       4.983995638109618e+10
  (72,68)      -8.600718710544666e+10
  (73,68)       2.976443266393121e+10
  (65,69)      -8.810212890402881e+10
  (66,69)       3.473514490344633e+11
  (67,69)       1.114738603449209e+11
  (68,69)       1.741093160094755e+11
  (69,69)      -6.989549238720377e+11
  (70,69)      -8.447534812346654e+08
  (71,69)      -8.600718710544666e+10
  (72,69)       3.516034748375744e+11
  (73,69)      -1.123186138261556e+11
  (65,70)       3.065531159485321e+10
  (66,70)      -1.114738603449209e+11
  (67,70)      -2.398081420670102e+10
  (68,70)      -8.908789309220010e+08
  (69,70)      -8.447534812346654e+08
  (70,70)      -9.604410380624109e+10
  (71,70)      -2.976443266393121e+10
  (72,70)       1.123186138261556e+11
  (73,70)      -2.404123769641953e+10
  (68,71)       4.983995638109618e+10
  (69,71)      -8.600718710544666e+10
  (70,71)      -2.976443266393121e+10
  (71,71)      -9.832480632509709e+10
  (72,71)       1.698144314067656e+11
  (73,71)      -9.131683528193860e+08
  (74,71)       4.848484994400091e+10
  (75,71)      -8.380724430131894e+10
  (76,71)       2.885126431111182e+10
  (68,72)      -8.600718710544666e+10
  (69,72)       3.516034748375744e+11
  (70,72)       1.123186138261556e+11
  (71,72)       1.698144314067656e+11
  (72,72)      -7.073733374899111e+11
  (73,72)      -8.235991585965731e+08
  (74,72)      -8.380724430131895e+10
  (75,72)       3.557698626523367e+11
  (76,72)      -1.131422129847522e+11
  (68,73)       2.976443266393121e+10
  (69,73)      -1.123186138261556e+11
  (70,73)      -2.404123769641953e+10
  (71,73)      -9.131683528193860e+08
  (72,73)      -8.235991585965731e+08
  (73,73)      -9.628218954647342e+10
  (74,73)      -2.885126431111182e+10
  (75,73)       1.131422129847522e+11
  (76,73)      -2.409985707681719e+10
  (71,74)       4.848484994400091e+10
  (72,74)      -8.380724430131895e+10
  (73,74)      -2.885126431111182e+10
  (74,74)      -9.563100565649524e+10
  (75,74)       1.653104348470128e+11
  (76,74)      -9.350647025353371e+08
  (77,74)       4.714615571249432e+10
  (78,74)      -8.150319054569389e+10
  (79,74)       2.791619960857648e+10
  (71,75)      -8.380724430131894e+10
  (72,75)       3.557698626523367e+11
  (73,75)       1.131422129847522e+11
  (74,75)       1.653104348470128e+11
  (75,75)      -7.156138205411108e+11
  (76,75)      -8.014588869885027e+08
  (77,75)      -8.150319054569388e+10
  (78,75)       3.598439578887740e+11
  (79,75)      -1.139436718717407e+11
  (71,76)       2.885126431111182e+10
  (72,76)      -1.131422129847522e+11
  (73,76)      -2.409985707681719e+10
  (74,76)      -9.350647025353371e+08
  (75,76)      -8.014588869885027e+08
  (76,76)      -9.651297046397113e+10
  (77,76)      -2.791619960857648e+10
  (78,76)       1.139436718717407e+11
  (79,76)      -2.415662815516837e+10
  (74,77)       4.714615571249432e+10
  (75,77)      -8.150319054569388e+10
  (76,77)      -2.791619960857648e+10
  (77,77)      -9.297337550442308e+10
  (78,77)       1.605993719808896e+11
  (79,77)      -9.565261826868078e+08
  (80,77)       4.582721979192877e+10
  (81,77)      -7.909618143519574e+10
  (82,77)       2.695967342588968e+10
  (74,78)      -8.150319054569389e+10
  (75,78)       3.598439578887740e+11
  (76,78)       1.139436718717407e+11
  (77,78)       1.605993719808896e+11
  (78,78)      -7.236630705123502e+11
  (79,78)      -7.783427065133930e+08
  (80,78)      -7.909618143519574e+10
  (81,78)       3.638191126235761e+11
  (82,78)      -1.147220145782541e+11
  (74,79)       2.791619960857648e+10
  (75,79)      -1.139436718717407e+11
  (76,79)      -2.415662815516837e+10
  (77,79)      -9.565261826868078e+08
  (78,79)      -7.783427065133930e+08
  (79,79)      -9.673627144367195e+10
  (80,79)      -2.695967342588968e+10
  (81,79)       1.147220145782541e+11
  (82,79)      -2.421150756666761e+10
  (77,80)       4.582721979192877e+10
  (78,80)      -7.909618143519574e+10
  (79,80)      -2.695967342588968e+10
  (80,80)      -9.035862360295715e+10
  (81,80)       1.556838238755389e+11
  (82,80)      -9.775109365422544e+08
  (83,80)       4.453140381102839e+10
  (84,80)      -7.658764244034315e+10
  (85,80)       2.598216248934742e+10
  (77,81)      -7.909618143519574e+10
  (78,81)       3.638191126235761e+11
  (79,81)       1.147220145782541e+11
  (80,81)       1.556838238755389e+11
  (81,81)      -7.315078188426077e+11
  (82,81)      -7.542631521788102e+08
  (83,81)      -7.658764244034315e+10
  (84,81)       3.676887062190315e+11
  (85,81)      -1.154762777304329e+11
  (77,82)       2.695967342588968e+10
  (78,82)      -1.147220145782541e+11
  (79,82)      -2.421150756666761e+10
  (80,82)      -9.775109365422544e+08
  (81,82)      -7.542631521788102e+08
  (82,82)      -9.695192084954974e+10
  (83,82)      -2.598216248934742e+10
  (84,82)       1.154762777304329e+11
  (85,82)      -2.426445285810726e+10
  (80,83)       4.453140381102839e+10
  (81,83)      -7.658764244034315e+10
  (82,83)      -2.598216248934742e+10
  (83,83)      -8.779347602800035e+10
  (84,83)       1.505669145768715e+11
  (85,83)      -9.979771903943219e+08
  (86,83)       4.326207221697196e+10
  (87,83)      -7.397927213652832e+10
  (88,83)       2.498418529895310e+10
  (80,84)      -7.658764244034315e+10
  (81,84)       3.676887062190315e+11
  (82,84)       1.154762777304329e+11
  (83,84)       1.505669145768715e+11
  (84,84)      -7.391348727709683e+11
  (85,84)      -7.292352879538138e+08
  (86,84)      -7.397927213652832e+10
  (87,84)       3.714461665519366e+11
  (88,84)      -1.162055130183867e+11
  (80,85)       2.598216248934742e+10
  (81,85)      -1.154762777304329e+11
  (82,85)      -2.426445285810726e+10
  (83,85)      -9.979771903943219e+08
  (84,85)      -7.292352879538138e+08
  (85,85)      -9.715975085927899e+10
  (86,85)      -2.498418529895310e+10
  (87,85)       1.162055130183867e+11
  (88,85)      -2.431542257153224e+10
  (83,86)       4.326207221697196e+10
  (84,86)      -7.397927213652832e+10
  (85,86)      -2.498418529895310e+10
  (86,86)      -8.528465135476320e+10
  (87,86)       1.452523164082369e+11
  (88,86)      -1.017883400466296e+09
  (89,86)       4.202257913779124e+10
  (90,86)      -7.127304427170859e+10
  (91,86)       2.396630189848680e+10
  (83,87)      -7.397927213652832e+10
  (84,87)       3.714461665519366e+11
  (85,87)       1.162055130183867e+11
  (86,87)       1.452523164082369e+11
  (87,87)      -7.465311583052886e+11
  (88,87)      -7.032767303292718e+08
  (89,87)      -7.127304427170860e+10
  (90,87)       3.750849917533520e+11
  (91,87)      -1.169087897487160e+11
  (83,88)       2.498418529895310e+10
  (84,88)      -1.162055130183867e+11
  (85,88)      -2.431542257153224e+10
  (86,88)      -1.017883400466296e+09
  (87,88)      -7.032767303292718e+08
  (88,88)      -9.735959779822690e+10
  (89,88)      -2.396630189848680e+10
  (90,88)       1.169087897487160e+11
  (91,88)      -2.436437632758121e+10
  (86,89)       4.202257913779124e+10
  (87,89)      -7.127304427170860e+10
  (88,89)      -2.396630189848680e+10
  (89,89)      -8.283883401993932e+10
  (90,89)       1.397442528859329e+11
  (91,89)      -1.037188403613936e+09
  (92,89)       4.081625488214809e+10
  (93,89)      -6.847120861422429e+10
  (94,89)       2.292911349487287e+10
  (86,90)      -7.127304427170859e+10
  (87,90)       3.750849917533520e+11
  (88,90)       1.169087897487160e+11
  (89,90)       1.397442528859329e+11
  (90,90)      -7.536837641055940e+11
  (91,90)      -6.764076608883257e+08
  (92,90)      -6.847120861422429e+10
  (93,90)       3.785987723522419e+11
  (94,90)      -1.175851974096043e+11
  (86,91)       2.396630189848680e+10
  (87,91)      -1.169087897487160e+11
  (88,91)      -2.436437632758121e+10
  (89,91)      -1.037188403613936e+09
  (90,91)      -6.764076608883257e+08
  (91,91)      -9.755130247160403e+10
  (92,91)      -2.292911349487287e+10
  (93,91)       1.175851974096043e+11
  (94,91)      -2.441127490822081e+10
  (89,92)       4.081625488214809e+10
  (90,92)      -6.847120861422429e+10
  (91,92)      -2.292911349487287e+10
  (92,92)      -8.046264703452200e+10
  (93,92)       1.340474991454550e+11
  (94,92)      -1.055851571046848e+09
  (95,92)       3.964639215237392e+10
  (96,92)      -6.557629053123074e+10
  (97,92)       2.187326192382602e+10
  (89,93)      -6.847120861422429e+10
  (90,93)       3.785987723522419e+11
  (91,93)       1.175851974096043e+11
  (92,93)       1.340474991454550e+11
  (93,93)      -7.605799860602886e+11
  (94,93)      -6.486508272933123e+08
  (95,93)      -6.557629053123073e+10
  (96,93)       3.819812137080466e+11
  (97,93)      -1.182338482368976e+11
  (89,94)       2.292911349487287e+10
  (90,94)      -1.175851974096043e+11
  (91,94)      -2.441127490822081e+10
  (92,94)      -1.055851571046848e+09
  (93,94)      -6.486508272933123e+08
  (94,94)      -9.773471049356390e+10
  (95,94)      -2.187326192382602e+10
  (96,94)       1.182338482368976e+11
  (97,94)      -2.445608033856114e+10
  (92,95)       3.964639215237392e+10
  (93,95)      -6.557629053123073e+10
  (94,95)      -2.187326192382602e+10
  (95,95)      -7.816262420441409e+10
  (96,95)       1.281673797875610e+11
  (97,95)      -1.073832964194787e+09
  (98,95)       3.851623205204017e+10
  (99,95)      -6.259108925633024e+10
 (100,95)       2.079942895963123e+10
  (92,96)      -6.557629053123074e+10
  (93,96)       3.819812137080466e+11
  (94,96)       1.182338482368976e+11
  (95,96)       1.281673797875610e+11
  (96,96)      -7.672073723192592e+11
  (97,96)      -6.200315324237968e+08
  (98,96)      -6.259108925633024e+10
  (99,96)       3.852261586112125e+11
 (100,96)      -1.188538797693214e+11
  (92,97)       2.187326192382602e+10
  (93,97)      -1.182338482368976e+11
  (94,97)      -2.445608033856114e+10
  (95,97)      -1.073832964194787e+09
  (96,97)      -6.200315324237968e+08
  (97,97)      -9.790967261202513e+10
  (98,97)      -2.079942895963123e+10
  (99,97)       1.188538797693214e+11
 (100,97)      -2.449875596745143e+10
  (95,98)       3.851623205204017e+10
  (96,98)      -6.259108925633024e+10
  (97,98)      -2.079942895963123e+10
  (98,98)      -7.594518202607458e+10
  (99,98)       1.221097640698841e+11
 (100,98)      -1.091093491850448e+09
 (101,98)       3.742894997403442e+10
 (102,98)      -5.951867481355383e+10
 (103,98)       1.970833546778078e+10
  (95,99)      -6.259108925633024e+10
  (96,99)       3.852261586112125e+11
  (97,99)       1.188538797693214e+11
  (98,99)       1.221097640698841e+11
  (99,99)      -7.735537685352761e+11
 (100,99)      -5.905776111682004e+08
 (101,99)      -5.951867481355383e+10
 (102,99)       3.883276099240637e+11
 (103,99)      -1.194444573804896e+11
  (95,100)      2.079942895963123e+10
  (96,100)     -1.188538797693214e+11
  (97,100)     -2.449875596745143e+10
  (98,100)     -1.091093491850448e+09
  (99,100)     -5.905776111682004e+08
 (100,100)     -9.807604502797206e+10
 (101,100)     -1.970833546778078e+10
 (102,100)      1.194444573804896e+11
 (103,100)     -2.453926654653460e+10
  (98,101)      3.742894997403442e+10
  (99,101)     -5.951867481355383e+10
 (100,101)     -1.970833546778078e+10
 (101,101)     -7.381659143326727e+10
 (102,101)      1.158810583879082e+11
 (103,101)     -1.107595067620113e+09
 (104,101)      3.638764145923285e+10
 (105,101)     -5.636238357435434e+10
 (106,101)      1.860074040016067e+10
  (98,102)     -5.951867481355383e+10
  (99,102)      3.883276099240637e+11
 (100,102)      1.194444573804896e+11
 (101,102)      1.158810583879082e+11
 (102,102)     -7.796073630541384e+11
 (103,102)     -5.603193947405769e+08
 (104,102)     -5.636238357435434e+10
 (105,102)      3.912797531300747e+11
 (106,102)     -1.200047767752302e+11
  (98,103)      1.970833546778078e+10
  (99,103)     -1.194444573804896e+11
 (100,103)     -2.453926654653460e+10
 (101,103)     -1.107595067620113e+09
 (102,103)     -5.603193947405769e+08
 (103,103)     -9.823368970797136e+10
 (104,103)     -1.860074040016067e+10
 (105,103)      1.200047767752302e+11
 (106,103)     -2.457757830745108e+10
 (101,104)      3.638764145923285e+10
 (102,104)     -5.636238357435434e+10
 (103,104)     -1.860074040016067e+10
 (104,104)     -7.178294957839159e+10
 (105,104)      1.094881960085536e+11
 (106,104)     -1.123300766717561e+09
 (107,104)      3.539530811915872e+10
 (108,104)     -5.312581243419924e+10
 (109,104)      1.747743963344311e+10
 (101,105)     -5.636238357435434e+10
 (102,105)      3.912797531300747e+11
 (103,105)      1.200047767752302e+11
 (104,105)      1.094881960085536e+11
 (105,105)     -7.853567317855795e+11
 (106,105)     -5.292896623084552e+08
 (107,105)     -5.312581243419925e+10
 (108,105)      3.940769786555048e+11
 (109,105)     -1.205340664375386e+11
 (101,106)      1.860074040016067e+10
 (102,106)     -1.200047767752302e+11
 (103,106)     -2.457757830745108e+10
 (104,106)     -1.123300766717561e+09
 (105,106)     -5.292896623084552e+08
 (106,106)     -9.838247468865712e+10
 (107,106)     -1.747743963344311e+10
 (108,106)      1.205340664375386e+11
 (109,106)     -2.461365903687748e+10
 (104,107)      3.539530811915872e+10
 (105,107)     -5.312581243419925e+10
 (106,107)     -1.747743963344311e+10
 (107,107)     -6.985015183765822e+10
 (108,107)      1.029386240400083e+11
 (109,107)     -1.138174981101131e+09
 (110,107)      3.445484371849950e+10
 (111,107)     -4.981281160580903e+10
 (112,107)      1.633926465234198e+10
 (104,108)     -5.312581243419924e+10
 (105,108)      3.940769786555048e+11
 (106,108)      1.205340664375386e+11
 (107,108)      1.029386240400083e+11
 (108,108)     -7.907908824798794e+11
 (109,108)     -4.975235798093741e+08
 (110,108)     -4.981281160580903e+10
 (111,108)      3.967139038243748e+11
 (112,108)     -1.210315900173480e+11
 (104,109)      1.747743963344311e+10
 (105,109)     -1.205340664375386e+11
 (106,109)     -2.461365903687748e+10
 (107,109)     -1.138174981101131e+09
 (108,109)     -4.975235798093741e+08
 (109,109)     -9.852227437192075e+10
 (110,109)     -1.633926465234198e+10
 (111,109)      1.210315900173480e+11
 (112,109)     -2.464747814908289e+10
 (107,110)      3.445484371849950e+10
 (108,110)     -4.981281160580903e+10
 (109,110)     -1.633926465234198e+10
 (110,110)     -6.802386423348381e+10
 (111,110)      9.624028764287805e+10
 (112,110)     -1.152183571909330e+09
 (113,110)      3.356902051498430e+10
 (114,110)     -4.642747603706902e+10
 (115,110)      1.518708108043265e+10
 (107,111)     -4.981281160580903e+10
 (108,111)      3.967139038243748e+11
 (109,111)      1.210315900173480e+11
 (110,111)      9.624028764287805e+10
 (111,111)     -7.958992981312773e+11
 (112,111)     -4.650586261131208e+08
 (113,111)     -4.642747603706902e+10
 (114,111)      3.991853943069026e+11
 (115,111)     -1.214966486434611e+11
 (107,112)      1.633926465234198e+10
 (108,112)     -1.210315900173480e+11
 (109,112)     -2.464747814908289e+10
 (110,112)     -1.152183571909330e+09
 (111,112)     -4.650586261131208e+08
 (112,112)     -9.865296980957196e+10
 (113,112)     -1.518708108043265e+10
 (114,112)      1.214966486434611e+11
 (115,112)     -2.467900675570310e+10
 (110,113)      3.356902051498430e+10
 (111,113)     -4.642747603706902e+10
 (112,113)     -1.518708108043265e+10
 (113,113)     -6.630949646972326e+10
 (114,113)      8.940161150975848e+10
 (115,113)     -1.165294018187368e+09
 (116,113)      3.274047595473896e+10
 (117,113)     -4.297413547268946e+10
 (118,113)      1.402178706224528e+10
 (110,114)     -4.642747603706902e+10
 (111,114)      3.991853943069026e+11
 (112,114)      1.214966486434611e+11
 (113,114)      8.940161150975848e+10
 (114,114)     -8.006719792274081e+11
 (115,114)     -4.319345064978902e+08
 (116,114)     -4.297413547268946e+10
 (117,114)      4.014865849205056e+11
 (118,114)     -1.219285831499590e+11
 (110,115)      1.518708108043265e+10
 (111,115)     -1.214966486434611e+11
 (112,115)     -2.467900675570310e+10
 (113,115)     -1.165294018187368e+09
 (114,115)     -4.319345064978902e+08
 (115,115)     -9.877444897625290e+10
 (116,115)     -1.402178706224528e+10
 (117,115)      1.219285831499590e+11
 (118,115)     -2.470821773242335e+10
 (113,116)      3.274047595473896e+10
 (114,116)     -4.297413547268946e+10
 (115,116)     -1.402178706224528e+10
 (116,116)     -6.471217577567576e+10
 (117,116)      8.243147866280811e+10
 (118,116)     -1.177475560850149e+09
 (119,116)      3.197169982093680e+10
 (120,116)     -3.945734319011865e+10
 (121,116)      1.284431150139513e+10
 (113,117)     -4.297413547268946e+10
 (114,117)      4.014865849205056e+11
 (115,117)      1.219285831499590e+11
 (116,117)      8.243147866280811e+10
 (117,117)     -8.050994845647527e+11
 (118,117)     -3.981930538041037e+08
 (119,117)     -3.945734319011865e+10
 (120,117)      4.036128996442471e+11
 (121,117)     -1.223267762037631e+11
 (113,118)      1.402178706224528e+10
 (114,118)     -1.219285831499590e+11
 (115,118)     -2.470821773242335e+10
 (116,118)     -1.177475560850149e+09
 (117,118)     -3.981930538041037e+08
 (118,118)     -9.888660702941066e+10
 (119,118)     -1.284431150139513e+10
 (120,118)      1.223267762037631e+11
 (121,118)     -2.473508578228197e+10
 (116,119)      3.197169982093680e+10
